targets: ainta 19/5000 = 0.0038  gohms 191/50000 = 0.00382
apparent minimum F6 = 0.0038262312114228695
argmin gaps = [1.046081, 1.989132, 1.986415, 1.041603, 1.977024, 1.045002]  sum= 9.085256
--- 8 best distinct local minima ---
0.0038262312 [1.0461, 1.9891, 1.9864, 1.0416, 1.977, 1.045]
0.0039910746 [1.046, 1.9805, 1.0451, 2.967, 1.9963, 1.0477]
0.0040262493 [1.0344, 1.0323, 1.9683, 1.0396, 1.9742, 1.0441]
0.0040451398 [2.0075, 1.9897, 1.0417, 1.9756, 1.0423, 1.9945]
0.0040485347 [2.0111, 2.0059, 2.0043, 2.003, 1.9934, 1.0474]
0.0040579297 [1.0454, 1.9788, 1.044, 2.9469, 1.0369, 1.0372]
0.0040598875 [1.9941, 1.0429, 1.986, 1.9825, 1.0339, 1.0357]
0.0040832086 [1.0508, 2.9745, 2.0079, 2.0039, 1.9938, 1.0476]
